    0     0     0     1  1
    0     1     0     1  1
    0     2     0     1  1
    0     3     0     1  1
    0     4     0     1  1
    0     5     0     1  1
    0     6     0     1  1
    0     7     0     1  1
    0     8     0     1  1
    0     9     0     1  1
    0    10     0     1  1
    0    11     0     1  1
    0    12     0     1  1
    0    13     0     1  1
    0    14     0     1  1
    0    15     0     1  1
    0    16     0     1  1
    0    17     0     1  1
    0    18     0     1  1
    0    19     0     1  1
    0    20     0     1  1
    0    21     0     1  1
    0    22     0     1  1
    0    23     0     1  1
    0    24     0     1  1
    0    25     0     1  1
    0    26     0     1  1
    0    27     0     1  1
    0    28     0     1  1
    0    29     0     1  1
    0    30     0    -1  0
    0    29     1     0  0
    1    29     0    -1  0
    1    28     0    -1  0
    1    27     0    -1  0
    1    26     1     0  0
    2    26     0    -1  0
    2    25     0    -1  0
    2    24     0    -1  0
    2    23     1     0  0
    3    23     0    -1  0
    3    22     0    -1  0
    3    21     0    -1  0
    3    20     1     0  0
    4    20     0    -1  0
    4    19     0    -1  0
    4    18     0    -1  0
    4    17     1     0  0
    5    17     0    -1  0
    5    16     0    -1  0
    5    15     0    -1  0
    5    14     1     0  0
    6    14     0    -1  0
    6    13     0    -1  0
    6    12     0    -1  0
    6    11     1     0  0
    7    11     0    -1  0
    7    10     0    -1  0
    7     9     0    -1  0
    7     8     1     0  0
    8     8     0    -1  0
    8     7     0    -1  0
    8     6     0    -1  0
    8     5     1     0  0
    9     5     0    -1  0
    9     4     0    -1  0
    9     3     0    -1  0
    9     2     1     0  0
   10     2     0    -1  0
   10     1     0    -1  0
   10     0     0     1  0
   10     1     1     0  0
   11     1     0     1  0
   11     2     0     1  0
   11     3     0     1  0
   11     4     1     0  0
   12     4     0     1  0
   12     5     0     1  0
   12     6     0     1  0
   12     7     1     0  0
   13     7     0     1  0
   13     8     0     1  0
   13     9     0     1  0
   13    10     1     0  0
   14    10     0     1  0
   14    11     0     1  0
   14    12     0     1  0
   14    13     1     0  0
   15    13     0     1  0
   15    14     0     1  0
   15    15     0     1  0
   15    16     1     0  0
   16    16     0     1  0
   16    17     0     1  0
   16    18     0     1  0
   16    19     1     0  0
   17    19     0     1  0
   17    20     0     1  0
   17    21     0     1  0
   17    22     1     0  0
   18    22     0     1  0
   18    23     0     1  0
   18    24     0     1  0
   18    25     1     0  0
   19    25     0     1  0
   19    26     0     1  0
   19    27     0     1  0
   19    28     1     0  0
   20    28     0     1  0
   20    29     0     1  0
   20    30     0    -1  1
   20    29    -1     0  1
   19    29     0    -1  1
   19    28     0    -1  1
   19    27     0    -1  1
   19    26    -1     0  1
   18    26     0    -1  1
   18    25     0    -1  1
   18    24    -1     0  1
   17    24     0    -1  1
   17    23     0    -1  1
   17    22    -1     0  0
   16    22    -1     0  0
   15    22    -1     0  0
   14    22    -1     0  0
   13    22    -1     0  0
   12    22    -1     0  0
   11    22    -1     0  0
   10    22    -1     0  0
    9    22    -1     0  0
    8    22    -1     0  0
    7    22    -1     0  0
    6    22    -1     0  0
    5    22    -1     0  0
    4    22    -1     0  0
    3    22     1     0  1
    4    22     1     0  1
    5    22     0     1  1
    5    23     1     0  1
    6    23     1     0  1
    7    23     1     0  1
    8    23     1     0  1
    9    23     0     1  1
    9    24     1     0  1
   10    24     1     0  1
   11    24     1     0  1
   12    24     0     1  1
   12    25     1     0  1
   13    25     1     0  1
   14    25     1     0  1
   15    25     0     1  1
   15    26     1     0  1
   16    26     1     0  1
   17    26     1     0  1
   18    26     1     0  1
   19    26     0     1  1
   19    27     1     0  1
   20    27     1     0  1
   21    27     1     0  1
   22    27     0     1  1
   22    28     1     0  1
   23    28     1     0  1
   24    28     1     0  1
   25    28     0     1  1
   25    29     1     0  1
   26    29     1     0  1
   27    29     1     0  1
   28    29     1     0  1
   29    29     0     1  1
   29    30     1     0  1
   30    30     0    -1  0
   30    29     0    -1  0
   30    28     0    -1  0
   30    27     0    -1  0
   30    26     0    -1  0
   30    25     0    -1  0
   30    24     0    -1  0
   30    23     0    -1  0
   30    22     0    -1  0
   30    21     0    -1  0
   30    20     0    -1  0
   30    19     0    -1  0
   30    18     0    -1  0
   30    17     0    -1  0
   30    16     0    -1  0
   30    15     0    -1  0
   30    14     0    -1  0
   30    13     0    -1  0
   30    12     0    -1  0
   30    11     0    -1  0
   30    10     0    -1  0
   30     9     0    -1  0
   30     8     0    -1  0
   30     7     0    -1  0
   30     6     0    -1  0
   30     5     0    -1  0
   30     4     0    -1  0
   30     3     0    -1  0
   30     2     0    -1  0
   30     1     0    -1  0
   30     0     1     0  0
   31     0     0     1  0
   31     1     1     0  0
   32     1     0     1  0
   32     2     1     0  0
   33     2     0     1  0
   33     3     1     0  0
   34     3     0     1  0
   34     4     1     0  0
   35     4     0     1  0
   35     5     1     0  0
   36     5     0     1  0
   36     6     1     0  0
   37     6     0     1  0
   37     7     1     0  0
   38     7     0     1  0
   38     8     1     0  0
   39     8     0     1  0
   39     9     1     0  0
   40     9     0     1  0
   40    10     1     0  0
   41    10     0    -1  0
   41     9     1     0  0
   42     9     0    -1  0
   42     8     1     0  0
   43     8     0    -1  0
   43     7     1     0  0
   44     7     0    -1  0
   44     6     1     0  0
   45     6     0    -1  0
   45     5     1     0  0
   46     5     0    -1  0
   46     4     1     0  0
   47     4     0    -1  0
   47     3     1     0  0
   48     3     0    -1  0
   48     2     1     0  0
   49     2     0    -1  0
   49     1     1     0  0
   50     1     0    -1  0
   50     0     0     1  0
   50     1     0     1  0
   50     2     0     1  0
   50     3     0     1  0
   50     4     0     1  0
   50     5     0     1  0
   50     6     0     1  0
   50     7     0     1  0
   50     8     0     1  0
   50     9     0     1  0
   50    10     0     1  0
   50    11     0     1  0
   50    12     0     1  0
   50    13     0     1  0
   50    14     0     1  0
   50    15     0     1  0
   50    16     0     1  0
   50    17     0     1  0
   50    18     0     1  0
   50    19     0     1  0
   50    20     0     1  0
   50    21     0     1  0
   50    22     0     1  0
   50    23     0     1  0
   50    24     0     1  0
   50    25     0     1  0
   50    26     0     1  0
   50    27     0     1  0
   50    28     0     1  0
   50    29     0     1  0
